version https://git-lfs.github.com/spec/v1
oid sha256:398211faa7c43305ae21998b2a673271f190699fe3fec0385ca6293a1d0d8c5a
size 8808
